---
startPose:
  x: -12.0
  y: -52.0
  heading: 0.0
startTangent: -2.356194490192345
waypoints:
- position:
    x: -70.0
    y: -36.0
  heading: -1.5707963267948966
  tangent: 1.5707963267948966
  interpolationType: "LINEAR"
resolution: 0.25
version: 1
