---
startPose:
  x: -31.0
  y: -65.75
  heading: 0.0
startTangent: 3.141592653589793
waypoints:
- position:
    x: -63.0
    y: -58.0
  heading: 0.0
  tangent: 3.141592653589793
  interpolationType: "CONSTANT"
- position:
    x: -63.01
    y: -58.0
  heading: 0.0
  tangent: 0.0
  interpolationType: "CONSTANT"
- position:
    x: -12.0
    y: -47.0
  heading: 0.0
  tangent: 1.5707963267948966
  interpolationType: "CONSTANT"
resolution: 0.25
version: 1
