---
startPose:
  x: 36.5
  y: -67.0
  heading: 0.0
startTangent: 1.5707963267948966
waypoints:
- position:
    x: 55.0
    y: -57.0
  heading: 0.5235987755982988
  tangent: 0.7853981633974483
  interpolationType: "LINEAR"
resolution: 0.25
version: 1
